0   1 2   3  4    5   6 7   8    9   10 11  12   13  14 15
109,1,204,-1,1001,100,1,100,1008,100,16,101,1006,101,0, 99
ip=0 rb=0
decodes as srb immed 1

0   1 2   3  4    5   6 7   8    9   10 11  12   13  14 15
109,1,204,-1,1001,100,1,100,1008,100,16,101,1006,101,0, 99
      ip=2 rb=1
decodes as out rel -1
                   => pos 0
                   => immed 109
output=[109]

0   1 2   3  4    5   6 7   8    9   10 11  12   13  14 15
109,1,204,-1,1001,100,1,100,1008,100,16,101,1006,101,0, 99
             ip=4 rb=1
decodes as add pos 100 immed 1 -> pos 100
               => immed 0 immed 1 -> 0
               => store 1 in 0

0   1 2   3  4    5   6 7   8    9   10 11  12   13  14 15
1  ,1,204,-1,1001,100,1,100,1008,100,16,101,1006,101,0, 99
                            ip=8 rb=1
decodes as eq pos 100 immed 16 pos 101
              => immed 0 immed 16 -> 0
              => store 0 in 0

0   1 2   3  4    5   6 7   8    9   10 11  12   13  14 15
0  ,1,204,-1,1001,100,1,100,1008,100,16,101,1006,101,0, 99
                                            ip=12 rb=1
decodes as jz pos 101 immed 0 99
              => immed 0 immed 0 99

0   1 2   3  4    5   6 7   8    9   10 11  12   13  14 15
0  ,1,204,-1,1001,100,1,100,1008,100,16,101,1006,101,0, 99
                                            ip=99 rb=1
